PATROLOGIAE

CURsUs COMPLETUS

, mn
1111101110101111181118, 1111011, 0111011118, 00111001, 0100101101,

1111111. 111111, 111111111111111111
1111111111

Qm AB AEvo Aposwouco An usswss 1111111111 ιιι 11111011
1101111111

11011810 0110101001οΑ 01111011 001
1118111111 101011110101011101101 11101110118 PER 0000110111
111011 10011811 810011,

10111 101110118 10001111881118,111111 81 001001 1011101118 000101108111080111118 00111118, 1110011
0111011111 mmmm

0188111111011108, 001111111118 11011011108001 11111111108 001111111111110811111ἷ

0111108 01111108 1081 11111881118 1οΙ110118 001111108 1011881118 81100118 1111111011 118010118
01110118, Auem ·

1101011108 111110011111108 1111111018, 81100108 811110108,811110010118 11100108 10111111
80881001111108, 1101111,

011110118 1111111 11801 111101 1111 0181081118, 1101011 111110118 8110011101 1110111101 111011118011110111
018111001111108 801110111001 11111111 810111101111108,10011111;

01110108 001 001118101 1100111118,111001 111010010111111 11 010111 10 11101110111
10011811811011 10111111108,11111110111’

nunnus 11111111 annuamus wcunmn: 111111 sennem 11111011, ouo consumo. 11111111
nnusomsoun mauu 11 quonum 11111 mmmm 111 nmmo cousmcuwm Λιτειο
8011111011 510111, ει Quo 1111011 comma sn· 111111111111111111 n 11
omnus 011111 suonuu mels 11111111111111111111111111 1111111111
1111111111111111 sm.

101110 000111188111, 0111118001 0111108 110111 11111011101, 81 111111011101 3 01111011101111101118,
0111101 00111118,1111011118111108, 1111110110 001110110118, 011101 1101180101 101 11111118
1011011108, 10111 1010111101 111001100110111 8111001 11 1010 018118 0100180 0018111111
8111118, 111111 1111101118, 1118111110011811001110110,0111111001οᾸ 11 0110101001οΛ,
81101110101 1110111101011 01080010101001 1110111081Ιο 11110811180101, 111101
10111 111 108111 11111011101, 11 01111108 10 01118 111118, 10008,11101118
101118001 1111111111808, 001001110101.

SERIES PRIMA,

11 00111001011111118, 1100101118 801110118001 mmm 1111111
111110111110 AD 0110111101 110101.

1131111111 1.-1. 11111, 1111111111 11111111111111 smGnLos 11111111
1111111111111 1110111101.

&Ub—

PATROLOGIAE TO‘MUS lx.
11111111 1011111111.
3² ‘'ffl—
11118118, 1100111111 1111111,

11 m 111011 01110181, 11118 11 1111111111 01181111
00 11111·1101110001. ’ 4

1⁸11..

 

